654222222422
555562322121
976648853237
755655543543
555555555544
865335322524
733333333333
955444444334
966658235452
865553333435
887776666668
999999887875
777543222321
877775544422
865222226323
999999999999
776558277233
999867468535
874444442532
666674254345
988656447645
865523232245
997777764472
875564222221
998743664434
999776584278
755442342122
664444444423
999999999999
952723322252
999977774458
999999868655
886644433346
776666666443
987555544323
977777756221
777664432134
883727224332
777777776467
887777943347
999887858444
976643312243
999998877778
666544532233
888877443322
885444443244
866554353355
644444442222
533332222622
999887922355
665444422254
644335323334
863341332332
999977777793
988784544247
844552536324
533332331222
966233461434
978242212412
977325463374
988766655544
997777765474
864413532314
964532162232
888888888849
999886733552
777752222142
555555544445
954444444334
764445543534
888763332222
777773242327
877766731544
777766854233
966554142334
888887733332
997777555351
666666666555
888775478333
987775555442
998866644332
999223321232
998887775445
987433444632
999999999998
888557443342
654444444333
887766665565
955373432346
999996551626
887764445356
875732224414
997767525658
966666554434
999835684716
888886341333
743333334233
999645424623
954424445226
776652242322
888885555558
666444444444
999999666384
777453122242
664333342122
91520582272568
