654222222422
997365668356
555562322121
777923242241
976648853237
866654644444
755655543543
993252542463
555555555544
865335322524
888866483166
733333333333
955444444334
988877328123
966658235452
666556445234
865553333435
976666666625
887776666668
665444444422
999999887875
988832361322
777543222321
987129234933
877775544422
865222226323
966833551431
999999999999
923994839755
776558277233
777654552432
999867468535
896344456336
874444442532
999999999999
999999229889
666674254345
855333353146
988656447645
888856545365
865523232245
997755455355
997777764472
965522423243
875564222221
988865562563
998743664434
999999994774
999776584278
777633344212
755442342122
999966553454
664444444423
975555555566
999999999999
999999999987
952723322252
766665553342
999977774458
998667894541
999999868655
888857242422
886644433346
988754333434
776666666443
975533451326
987555544323
988888876455
977777756221
995445252242
777664432134
743324222324
883727224332
772291222422
777777776467
877777411143
887777943347
542223421443
999887858444
765333333223
976643312243
555555554433
999998877778
986666666645
666544532233
765532222223
888877443322
885444443244
666653431432
866554353355
665555558242
644444442222
885583424225
533332222622
776666664333
999887922355
999998544242
665444422254
655552531234
644335323334
988886444544
863341332332
998777754342
999977777793
888888888755
988784544247
888777644322
844552536324
766522221232
533332331222
887754462443
966233461434
999977776666
978242212412
999999964293
977325463374
682241434124
988766655544
877332232222
997777765474
887776833733
864413532314
965522273262
964532162232
444443333332
888888888849
655342342223
999886733552
987777755543
777752222142
986338254332
555555544445
999997655543
954444444334
777766654442
764445543534
999988779778
888763332222
888877556724
777773242327
965232622233
877766731544
444444456789
777766854233
555223223232
966554142334
776545235224
888887733332
777766642221
997777555351
842222242252
666666666555
888775478333
877755443444
987775555442
555555556789
998866644332
999999999943
999223321232
874343132231
998887775445
986843145323
987433444632
973333336322
999999999998
826188866454
888557443342
887775852237
654444444333
887766665565
999999999766
955373432346
666666666789
999996551626
555544242323
887764445356
998888777323
875732224414
777777777789
997767525658
876663323313
966666554434
998754222215
999835684716
644453321231
888886341333
664431352223
743333334233
988665544234
999645424623
966665755734
954424445226
844333222124
776652242322
998444552455
888885555558
976666666464
666444444444
999999666384
967444144434
777453122242
999999999999
999867876668
664333342122
999998777516
178435479801879
